#####################################################################
#variable data file for (cat-(-v1/an+v2)*exp(-an^v3/v4))*v5
#####################################################################
#as  evlistno,v1,v2,v3,v4,v5
#####################################################################
0 0 0 0 0 0
1 0 0 0 0 0
2 0 0 0 0 0
3 0 0 0 0 0
4 38 6 1.15 30 1.104
5 38 6 1.15 30 1.104
6  29.0000      7.00000      1.15000      30.0000      1.10400
7 31 7.5 1.15 30 1.094
8 31 7.5 1.15 30 1.094
9 31 7.5 1.15 30 1.094
10 0 0 0 0 0
11 0 0 0 0 0
12 0 0 0 0 0
13 0 0 0 0 0
14 0 0 0 0 0
15 31 7.5 1.15 30 1.094
##################################################################### 
