----------------------
Start address  = 	-7
Data length    = 	4096
Sample size    = 	2
Sample res     = 	-32768
Sample offset  = 	-4
Input range    = 	2000
Dc offset      = 	0
Segment count  = 	5
Segment number = 	1
Average count = 	0
Time stamp	    = 	18928491121.11 microseconds
----------------------
-0.002075
-0.001709
-0.001587
-0.001099
-0.000977
0.000000
-0.000366
-0.000488
-0.000122
-0.000122
0.000122
0.000122
0.001221
0.000977
0.000977
0.001831
0.001343
0.002075
0.002075
0.002197
0.002441
0.002808
0.003174
0.002930
0.003296
0.002930
0.003296
0.003174
0.003906
0.004761
0.002563
0.006470
0.003540
0.006348
0.004028
0.007690
0.004395
0.006470
0.005981
0.006226
0.006714
0.006226
0.006836
0.007446
0.007446
0.007813
0.007813
0.008057
0.007813
0.008301
0.008545
0.008789
0.008667
0.009277
0.009277
0.009399
0.010010
0.009888
0.010498
0.010254
0.010498
0.010498
0.011108
0.010986
0.011353
0.011108
0.012085
0.011719
0.012329
0.012817
0.012329
0.012817
0.013184
0.013794
0.013184
0.014404
0.013550
0.013550
0.014526
0.014038
0.014771
0.014648
0.014893
0.014771
0.015381
0.015991
0.015869
0.015625
0.016113
0.016113
0.015991
0.016113
0.017212
0.017090
0.017334
0.016968
0.017944
0.017578
0.018066
0.017944
0.018555
0.018066
0.018066
0.018921
0.018311
0.019409
0.019531
0.019653
0.019409
0.019653
0.020020
0.020630
0.019897
0.020386
0.020630
0.020752
0.021118
0.020996
0.021606
0.021606
0.021606
0.022095
0.022095
0.022339
0.022705
0.022217
0.022705
0.022583
0.022949
0.023193
0.023315
0.023438
0.023682
0.024048
0.024658
0.024658
0.024414
0.024902
0.024536
0.024414
0.025269
0.024658
0.025757
0.025269
0.025879
0.025391
0.026733
0.025513
0.026367
0.026367
0.026123
0.026001
0.026733
0.026978
0.027466
0.026978
0.027222
0.027222
0.027222
0.027466
0.027710
0.028442
0.027466
0.028320
0.027954
0.028076
0.028442
0.028564
0.028931
0.028687
0.028931
0.028687
0.029175
0.029297
0.029297
0.029175
0.029907
0.029663
0.030151
0.029907
0.030151
0.030151
0.030151
0.029663
0.031006
0.030640
0.030762
0.030640
0.031006
0.031128
0.031128
0.031006
0.031738
0.031128
0.032227
0.031738
0.031982
0.031494
0.031494
0.032349
0.031738
0.032471
0.032349
0.032349
0.032837
0.032227
0.032715
0.032227
0.032593
0.033447
0.032715
0.032593
0.032837
0.033325
0.032837
0.033813
0.032837
0.033691
0.033203
0.034180
0.032715
0.033447
0.033936
0.033691
0.033813
0.034058
0.034302
0.034058
0.033813
0.033936
0.034180
0.034180
0.034180
0.034424
0.034058
0.034546
0.034180
0.034302
0.034302
0.034790
0.034668
0.034424
0.034546
0.034180
0.035156
0.034180
0.034546
0.034912
0.034790
0.034912
0.034668
0.035156
0.035156
0.034790
0.034790
0.035034
0.035400
0.034546
0.034546
0.034790
0.034058
0.034424
0.035034
0.034546
0.035522
0.034790
0.034790
0.034546
0.034668
0.034912
0.034790
0.034668
0.034790
0.034668
0.035034
0.034424
0.034668
0.034668
0.034424
0.034668
0.035034
0.034912
0.034668
0.034546
0.034668
0.034668
0.034790
0.034424
0.034668
0.034180
0.034546
0.034180
0.034424
0.034180
0.034180
0.034424
0.034668
0.034302
0.033691
0.034180
0.033691
0.033936
0.033691
0.033569
0.033813
0.033569
0.033936
0.034058
0.033691
0.033569
0.033325
0.033569
0.033203
0.032715
0.033569
0.032837
0.033081
0.033203
0.032959
0.032959
0.032715
0.033325
0.032349
0.032104
0.032471
0.032349
0.033081
0.031860
0.031860
0.032227
0.032104
0.031616
0.031982
0.031982
0.031738
0.031128
0.031494
0.031006
0.031738
0.030884
0.031738
0.031128
0.030762
0.031128
0.031006
0.030884
0.029907
0.030762
0.030151
0.030640
0.030151
0.030151
0.029907
0.029663
0.029907
0.029663
0.029175
0.029419
0.029419
0.028687
0.028809
0.028442
0.029053
0.028809
0.028931
0.028564
0.028320
0.028076
0.027832
0.027832
0.027954
0.027954
0.027588
0.027466
0.026733
0.027344
0.026489
0.026855
0.026489
0.026855
0.026489
0.026245
0.026489
0.025757
0.025879
0.025269
0.025269
0.025024
0.025269
0.025513
0.024414
0.025269
0.024658
0.024536
0.024170
0.024414
0.023804
0.023926
0.023804
0.023315
0.023560
0.024048
0.023438
0.022827
0.022949
0.022949
0.021973
0.022095
0.022217
0.022095
0.022095
0.021729
0.021729
0.020752
0.021362
0.020752
0.021240
0.021118
0.020020
0.020386
0.020020
0.019531
0.020142
0.019653
0.020020
0.018921
0.019897
0.018311
0.019043
0.018433
0.018433
0.018188
0.018066
0.018311
0.017090
0.017822
0.017090
0.017456
0.016724
0.016602
0.016724
0.015991
0.016602
0.015869
0.015503
0.015503
0.015259
0.015259
0.015503
0.014893
0.014893
0.014526
0.014160
0.013428
0.013550
0.013916
0.013672
0.013428
0.012939
0.012573
0.013062
0.012085
0.012695
0.011963
0.013062
0.011597
0.011719
0.010864
0.010986
0.010986
0.010620
0.010986
0.010376
0.010254
0.009644
0.009521
0.010010
0.009888
0.009155
0.009399
0.008423
0.008789
0.008545
0.008667
0.007690
0.007568
0.007324
0.007446
0.007446
0.006958
0.006470
0.006958
0.006104
0.006592
0.005737
0.005737
0.005737
0.005737
0.004639
0.004639
0.003906
0.004761
0.004395
0.004028
0.003784
0.002808
0.003540
0.003174
0.002686
0.002441
0.002441
0.002075
0.002197
0.002319
0.001221
0.001587
0.001221
0.001465
0.000488
0.000488
0.000122
0.000122
-0.000244
-0.000488
-0.000854
-0.000854
-0.001343
-0.001343
-0.001343
-0.001709
-0.001709
-0.002197
-0.002686
-0.002563
-0.002441
-0.002808
-0.002930
-0.003662
-0.003418
-0.004272
-0.003662
-0.004639
-0.002563
-0.006226
-0.002930
-0.006348
-0.003540
-0.006958
-0.004150
-0.006470
-0.006348
-0.005737
-0.006104
-0.006348
-0.006714
-0.007690
-0.007202
-0.007690
-0.008057
-0.008423
-0.008057
-0.008545
-0.008789
-0.008545
-0.008911
-0.009033
-0.009644
-0.009155
-0.010132
-0.010132
-0.010620
-0.010010
-0.010254
-0.010620
-0.011353
-0.010986
-0.011475
-0.011475
-0.011841
-0.011597
-0.012573
-0.012207
-0.012451
-0.013062
-0.012817
-0.013428
-0.013672
-0.013794
-0.013794
-0.013916
-0.014160
-0.014648
-0.014282
-0.014526
-0.014648
-0.015381
-0.015259
-0.015137
-0.015503
-0.015625
-0.015503
-0.016479
-0.016724
-0.016846
-0.016724
-0.016235
-0.016602
-0.017700
-0.017456
-0.017700
-0.017700
-0.017578
-0.018188
-0.018433
-0.018555
-0.018677
-0.018677
-0.019165
-0.019409
-0.019897
-0.019653
-0.019409
-0.019409
-0.020020
-0.020264
-0.020386
-0.020386
-0.020996
-0.020508
-0.020874
-0.020996
-0.021240
-0.021484
-0.021118
-0.021851
-0.021973
-0.021973
-0.021729
-0.022461
-0.021851
-0.022949
-0.022583
-0.023315
-0.022949
-0.023071
-0.023438
-0.023804
-0.023560
-0.023804
-0.023926
-0.024048
-0.024170
-0.024536
-0.024658
-0.024658
-0.025146
-0.024902
-0.025391
-0.025146
-0.026001
-0.025146
-0.025391
-0.025391
-0.025879
-0.025635
-0.026123
-0.026245
-0.026855
-0.026245
-0.026978
-0.027100
-0.027100
-0.026855
-0.027222
-0.027466
-0.026978
-0.027710
-0.027222
-0.027954
-0.028198
-0.027710
-0.027466
-0.027710
-0.027954
-0.028564
-0.028564
-0.028687
-0.027832
-0.029053
-0.028320
-0.029053
-0.028809
-0.029175
-0.029297
-0.029541
-0.028687
-0.029175
-0.029785
-0.029419
-0.029663
-0.029541
-0.029419
-0.030151
-0.030151
-0.029663
-0.029663
-0.030518
-0.030518
-0.030518
-0.030273
-0.030518
-0.030884
-0.030640
-0.030273
-0.031250
-0.031128
-0.030762
-0.031250
-0.030884
-0.031006
-0.031250
-0.031250
-0.031372
-0.031738
-0.031494
-0.031494
-0.031494
-0.031982
-0.031738
-0.031738
-0.031128
-0.031616
-0.031738
-0.032104
-0.031494
-0.032593
-0.031250
-0.032104
-0.031738
-0.032593
-0.031982
-0.032593
-0.032471
-0.031982
-0.031738
-0.032715
-0.032104
-0.032715
-0.031860
-0.032227
-0.032715
-0.031616
-0.032959
-0.032471
-0.032471
-0.032471
-0.032715
-0.032227
-0.032471
-0.032471
-0.032227
-0.032227
-0.032715
-0.032349
-0.032227
-0.032349
-0.032349
-0.032104
-0.032837
-0.032349
-0.032837
-0.032227
-0.032593
-0.032837
-0.032593
-0.032837
-0.031982
-0.032593
-0.032227
-0.032349
-0.032104
-0.032471
-0.032349
-0.032104
-0.031860
-0.032349
-0.032104
-0.031860
-0.032471
-0.032104
-0.031860
-0.031982
-0.031616
-0.031982
-0.031372
-0.031860
-0.031494
-0.032104
-0.031982
-0.031860
-0.031372
-0.031494
-0.031006
-0.031738
-0.031006
-0.031372
-0.031738
-0.031372
-0.031372
-0.030640
-0.030884
-0.031128
-0.031128
-0.031006
-0.030762
-0.030762
-0.031006
-0.030151
-0.030273
-0.029785
-0.030762
-0.029907
-0.030518
-0.030273
-0.030640
-0.029907
-0.030396
-0.029663
-0.029297
-0.028931
-0.030151
-0.029053
-0.029663
-0.028442
-0.029785
-0.028442
-0.029785
-0.029053
-0.028564
-0.029419
-0.029053
-0.029053
-0.028320
-0.028564
-0.028076
-0.028198
-0.027466
-0.027954
-0.028198
-0.028076
-0.027588
-0.027588
-0.027100
-0.026978
-0.027466
-0.027344
-0.027466
-0.027100
-0.026611
-0.026367
-0.026367
-0.026245
-0.026367
-0.026123
-0.025879
-0.025879
-0.025757
-0.025757
-0.025391
-0.025146
-0.025513
-0.024780
-0.025269
-0.025024
-0.024414
-0.024658
-0.024292
-0.024170
-0.024292
-0.024292
-0.023804
-0.023560
-0.024170
-0.023193
-0.023315
-0.022949
-0.022827
-0.022583
-0.022827
-0.022705
-0.022827
-0.022339
-0.022095
-0.022339
-0.021484
-0.021851
-0.021362
-0.021851
-0.021118
-0.021118
-0.020264
-0.021362
-0.021118
-0.020386
-0.020386
-0.019897
-0.019897
-0.019775
-0.019653
-0.019653
-0.019165
-0.018799
-0.019043
-0.018921
-0.018433
-0.018433
-0.018677
-0.018433
-0.018311
-0.017822
-0.017700
-0.017456
-0.017334
-0.017456
-0.017456
-0.016235
-0.016602
-0.016479
-0.016235
-0.016846
-0.015503
-0.016479
-0.015015
-0.015503
-0.015381
-0.015015
-0.014771
-0.014282
-0.014526
-0.014282
-0.014160
-0.013794
-0.013916
-0.013184
-0.013062
-0.012695
-0.013062
-0.012329
-0.012695
-0.012207
-0.012939
-0.011841
-0.012329
-0.010864
-0.012451
-0.010498
-0.011475
-0.011108
-0.010254
-0.010864
-0.010254
-0.010010
-0.010010
-0.009644
-0.009277
-0.009155
-0.009155
-0.009033
-0.008301
-0.009033
-0.008301
-0.008179
-0.008057
-0.007690
-0.007324
-0.006714
-0.006836
-0.007202
-0.006226
-0.006592
-0.006226
-0.006104
-0.005615
-0.005249
-0.005493
-0.005371
-0.005127
-0.005371
-0.004028
-0.004272
-0.004517
-0.003540
-0.003906
-0.003174
-0.003662
-0.003052
-0.003174
-0.003052
-0.002563
-0.002319
-0.002075
-0.002319
-0.001221
-0.001831
-0.001343
-0.001221
-0.000488
-0.000366
0.000122
-0.000366
0.000244
0.000610
0.000000
0.000488
0.000610
0.001587
0.001587
0.001587
0.001343
0.001953
0.002075
0.002563
0.002686
0.002808
0.003052
0.003662
0.003418
0.003418
0.003784
0.004272
0.003784
0.005127
0.004028
0.005737
0.004639
0.006348
0.004883
0.005859
0.006226
0.006226
0.006592
0.006592
0.007080
0.006470
0.007690
0.007202
0.008057
0.007813
0.008545
0.008057
0.008423
0.008423
0.009399
0.009033
0.009644
0.009033
0.010010
0.009888
0.010620
0.010498
0.010986
0.010742
0.010986
0.010986
0.012207
0.011719
0.012329
0.011841
0.012207
0.012329
0.012451
0.013062
0.012817
0.013794
0.012817
0.013794
0.013794
0.014038
0.014160
0.014404
0.014771
0.015015
0.015625
0.014404
0.015381
0.015503
0.015137
0.015747
0.015747
0.016602
0.016357
0.017090
0.016846
0.017212
0.017212
0.017456
0.017822
0.018066
0.018066
0.018066
0.018921
0.018555
0.018799
0.018799
0.019531
0.019043
0.019775
0.019287
0.019897
0.020264
0.020264
0.021118
0.020874
0.020386
0.020874
0.021484
0.021606
0.020874
0.021851
0.021851
0.022339
0.021973
0.022339
0.022339
0.022705
0.022705
0.023071
0.023071
0.022827
0.023438
0.023071
0.023926
0.023438
0.024414
0.024292
0.024292
0.024292
0.025146
0.025024
0.025146
0.025635
0.025513
0.025269
0.025635
0.025391
0.025269
0.026367
0.025635
0.026611
0.026367
0.026367
0.026733
0.026855
0.027466
0.026855
0.027222
0.027344
0.027344
0.027344
0.027832
0.028564
0.027954
0.028076
0.028198
0.028564
0.028320
0.028442
0.028687
0.029297
0.029175
0.029297
0.029541
0.029663
0.029785
0.029785
0.029541
0.030029
0.029907
0.030640
0.030396
0.030884
0.029785
0.030640
0.030762
0.030518
0.031250
0.031372
0.030640
0.031250
0.031128
0.031006
0.031128
0.031494
0.032227
0.031860
0.031738
0.031616
0.031616
0.031860
0.032349
0.032227
0.032104
0.033081
0.032227
0.032104
0.032593
0.032471
0.033203
0.032715
0.033569
0.032715
0.032837
0.032593
0.033081
0.032837
0.033569
0.033081
0.034058
0.033691
0.034180
0.032715
0.033569
0.034302
0.033691
0.033936
0.033691
0.033691
0.033813
0.034302
0.034424
0.034058
0.034302
0.034180
0.034424
0.034424
0.034546
0.034546
0.034546
0.034668
0.034058
0.034668
0.034790
0.034302
0.034180
0.034546
0.034424
0.034790
0.034668
0.035034
0.034546
0.035034
0.034790
0.034790
0.034668
0.034546
0.034912
0.035400
0.034668
0.035156
0.035034
0.035034
0.035034
0.034912
0.035278
0.034546
0.034790
0.034546
0.035278
0.035034
0.035034
0.035156
0.035034
0.034546
0.034790
0.035034
0.034668
0.034546
0.034546
0.034180
0.034546
0.035156
0.034790
0.034668
0.034546
0.034546
0.034668
0.034790
0.034546
0.034668
0.034546
0.035034
0.034424
0.034424
0.034180
0.034180
0.034546
0.034302
0.034058
0.034668
0.033936
0.033813
0.034180
0.033813
0.034180
0.033569
0.034180
0.033081
0.033569
0.033936
0.033447
0.034058
0.033081
0.033447
0.033447
0.033569
0.033691
0.033081
0.032593
0.033203
0.032715
0.032715
0.032471
0.033569
0.032593
0.032837
0.032837
0.032471
0.032349
0.031738
0.032349
0.032227
0.032227
0.031616
0.031738
0.031738
0.031494
0.031982
0.031250
0.031738
0.030884
0.031372
0.031128
0.030151
0.031250
0.030273
0.030640
0.030396
0.030518
0.030518
0.029907
0.030396
0.029785
0.030151
0.029663
0.029663
0.029297
0.029419
0.030029
0.029175
0.029175
0.029541
0.028931
0.028564
0.028809
0.028564
0.028320
0.028198
0.028198
0.027710
0.028442
0.028076
0.028442
0.027832
0.027222
0.027954
0.026855
0.027466
0.026611
0.026245
0.026855
0.026245
0.026367
0.026367
0.026001
0.025513
0.025879
0.026123
0.025146
0.025269
0.025269
0.025024
0.024902
0.024536
0.024902
0.024658
0.024170
0.024048
0.023682
0.023804
0.023438
0.024658
0.023315
0.023438
0.023071
0.023682
0.023315
0.023071
0.022583
0.021973
0.022339
0.022217
0.021606
0.021729
0.021851
0.021851
0.021118
0.020752
0.020630
0.021118
0.020142
0.020264
0.020142
0.020264
0.019287
0.019531
0.019165
0.019409
0.018921
0.018677
0.018311
0.018555
0.018433
0.017578
0.017822
0.017456
0.017578
0.017456
0.016968
0.017334
0.017334
0.017334
0.016357
0.016479
0.015503
0.015869
0.015869
0.014893
0.015137
0.014771
0.015503
0.014771
0.015137
0.014282
0.013916
0.013672
0.013550
0.013306
0.012817
0.013550
0.012817
0.012695
0.012451
0.012451
0.012085
0.012085
0.011963
0.011841
0.011353
0.011475
0.011108
0.010376
0.010498
0.010010
0.010010
0.009521
0.009644
0.009399
0.009033
0.008545
0.008911
0.008545
0.008423
0.007690
0.008423
0.008179
0.007446
0.007446
0.007690
0.006958
0.006714
0.006714
0.006714
0.006104
0.005981
0.005859
0.005737
0.004639
0.005127
0.004761
0.004517
0.004395
0.004028
0.004028
0.004150
0.003296
0.003296
0.003052
0.003052
0.002441
0.002686
0.002197
0.002319
0.001221
0.001953
0.001343
0.001099
0.000854
0.001221
0.000610
0.000244
-0.000488
-0.000122
0.000000
-0.000244
-0.001587
-0.000977
-0.001221
-0.001221
-0.001099
-0.001343
-0.001953
-0.002441
-0.002441
-0.003052
-0.003296
-0.002563
-0.003296
-0.003418
-0.004028
-0.003906
-0.004028
-0.004395
-0.004395
-0.005615
-0.003906
-0.005981
-0.004639
-0.006592
-0.005005
-0.006104
-0.006226
-0.006348
-0.006958
-0.006836
-0.007202
-0.007446
-0.007324
-0.007935
-0.007690
-0.008179
-0.008301
-0.008667
-0.008667
-0.008911
-0.008789
-0.009644
-0.009644
-0.009644
-0.010376
-0.010132
-0.010376
-0.010376
-0.010376
-0.011108
-0.011475
-0.011597
-0.011841
-0.012085
-0.012329
-0.012329
-0.012329
-0.013306
-0.013306
-0.012939
-0.013062
-0.013550
-0.013428
-0.013672
-0.013428
-0.013916
-0.014648
-0.014404
-0.014648
-0.014893
-0.014526
-0.014893
-0.015503
-0.016235
-0.015869
-0.016479
-0.015869
-0.016357
-0.016357
-0.016846
-0.016479
-0.016968
-0.017090
-0.017822
-0.017456
-0.018188
-0.017700
-0.018433
-0.018066
-0.018677
-0.018677
-0.018311
-0.018555
-0.018921
-0.019287
-0.019165
-0.019775
-0.019775
-0.020020
-0.019897
-0.019775
-0.020752
-0.020630
-0.020630
-0.021240
-0.020996
-0.021362
-0.021729
-0.021851
-0.021851
-0.022095
-0.022095
-0.022095
-0.022461
-0.023193
-0.022583
-0.022705
-0.022461
-0.022705
-0.022705
-0.023315
-0.023193
-0.023315
-0.023560
-0.023926
-0.024048
-0.024658
-0.024414
-0.023926
-0.024536
-0.024536
-0.024780
-0.024902
-0.024780
-0.025635
-0.025391
-0.025391
-0.026123
-0.025269
-0.025635
-0.026245
-0.026001
-0.026611
-0.026611
-0.026978
-0.026489
-0.026611
-0.026733
-0.026855
-0.026611
-0.027222
-0.027222
-0.026855
-0.027466
-0.027100
-0.028076
-0.027344
-0.027832
-0.027222
-0.027954
-0.027954
-0.028320
-0.028442
-0.029053
-0.028198
-0.028076
-0.028809
-0.028931
-0.029053
-0.029175
-0.029053
-0.028931
-0.029541
-0.029663
-0.029419
-0.029541
-0.029785
-0.029785
-0.029297
-0.029541
-0.030396
-0.029907
-0.029541
-0.030518
-0.030640
-0.030518
-0.030518
-0.030640
-0.030762
-0.030396
-0.030640
-0.030762
-0.030762
-0.030884
-0.030640
-0.031250
-0.031250
-0.031250
-0.030762
-0.031128
-0.030518
-0.031250
-0.031982
-0.031006
-0.031616
-0.031372
-0.031372
-0.031006
-0.031982
-0.032104
-0.031738
-0.032104
-0.031494
-0.031860
-0.031616
-0.031616
-0.031616
-0.031616
-0.032715
-0.031616
-0.032227
-0.031738
-0.032471
-0.032227
-0.032959
-0.032104
-0.032349
-0.032104
-0.032227
-0.032471
-0.032471
-0.032104
-0.032104
-0.031860
-0.031860
-0.032349
-0.032227
-0.032349
-0.032715
-0.032349
-0.032471
-0.032349
-0.032837
-0.032471
-0.032715
-0.032349
-0.032593
-0.032104
-0.032471
-0.032593
-0.032471
-0.032104
-0.032471
-0.032104
-0.032471
-0.032227
-0.032471
-0.032227
-0.032715
-0.031738
-0.032227
-0.032104
-0.032104
-0.032104
-0.031982
-0.032227
-0.031982
-0.032471
-0.032227
-0.031860
-0.031982
-0.031738
-0.032227
-0.031372
-0.031250
-0.032227
-0.031128
-0.032227
-0.031372
-0.031860
-0.030884
-0.031372
-0.031738
-0.030884
-0.031128
-0.031372
-0.031616
-0.030396
-0.031250
-0.030518
-0.030762
-0.030762
-0.030396
-0.030884
-0.030884
-0.030396
-0.030151
-0.030273
-0.030396
-0.030396
-0.030396
-0.030518
-0.030151
-0.030029
-0.029419
-0.030151
-0.029419
-0.029785
-0.029907
-0.029785
-0.029419
-0.029419
-0.029175
-0.029053
-0.029053
-0.028931
-0.029053
-0.029297
-0.028809
-0.028809
-0.028442
-0.028564
-0.028198
-0.027954
-0.028076
-0.027832
-0.027466
-0.027710
-0.028076
-0.027100
-0.027588
-0.026733
-0.026855
-0.026733
-0.026855
-0.026489
-0.026733
-0.026855
-0.026245
-0.026611
-0.026367
-0.026123
-0.025635
-0.026123
-0.025269
-0.025757
-0.025513
-0.025269
-0.025513
-0.024658
-0.025146
-0.024536
-0.024780
-0.024414
-0.024414
-0.024292
-0.024292
-0.024414
-0.024048
-0.024658
-0.023682
-0.023315
-0.022705
-0.023315
-0.022827
-0.022949
-0.022949
-0.022461
-0.022583
-0.022461
-0.022217
-0.021973
-0.021484
-0.022217
-0.020752
-0.021362
-0.021118
-0.020996
-0.020996
-0.020386
-0.020386
-0.020020
-0.020020
-0.020386
-0.020142
-0.019775
-0.019287
-0.019165
-0.019043
-0.019531
-0.018433
-0.019043
-0.018311
-0.018555
-0.018433
-0.018311
-0.017334
-0.017334
-0.016846
-0.017212
-0.016846
-0.016357
-0.016479
-0.017334
-0.016113
-0.015991
-0.015991
-0.016113
-0.015869
-0.015747
-0.015381
-0.014893
-0.015381
-0.014893
-0.014648
-0.014526
-0.014038
-0.014038
-0.013550
-0.013306
-0.012817
-0.013306
-0.012451
-0.012329
-0.011963
-0.011841
-0.012451
-0.012085
-0.012207
-0.011719
-0.011230
-0.011475
-0.010864
-0.010864
-0.010254
-0.010742
-0.010132
-0.009888
-0.009888
-0.009399
-0.009644
-0.009644
-0.009033
-0.009155
-0.007935
-0.009033
-0.008179
-0.008179
-0.007813
-0.007813
-0.008057
-0.006714
-0.006714
-0.006836
-0.006348
-0.006104
-0.005859
-0.005981
-0.005981
-0.005371
-0.005737
-0.004517
-0.004517
-0.004639
-0.004761
-0.004272
-0.003540
-0.003906
-0.003540
-0.003784
-0.003296
-0.002930
-0.002930
-0.002686
-0.002197
-0.002441
-0.002075
-0.001709
-0.001587
-0.001587
-0.001099
-0.000977
-0.000366
-0.000366
0.000122
0.000366
0.000244
0.000610
0.000122
0.000854
0.001709
0.001343
0.002197
0.001465
0.002319
0.002441
0.002808
0.002319
0.002808
0.003296
0.003296
0.003662
0.003906
0.004150
0.003540
0.004272
0.003418
0.005615
0.004517
0.005859
0.004272
0.006470
0.005127
0.005981
0.006226
0.006226
0.006470
0.006592
0.007568
0.007080
0.007690
0.007446
0.008057
0.007813
0.008545
0.008667
0.008911
0.009155
0.008667
0.009399
0.009399
0.009888
0.009644
0.010254
0.010254
0.010742
0.010010
0.010986
0.011719
0.011353
0.011963
0.011108
0.012085
0.012085
0.012451
0.011963
0.013062
0.012695
0.012939
0.013916
0.013428
0.013672
0.013550
0.014160
0.014648
0.013794
0.014648
0.014526
0.015137
0.014893
0.015381
0.015747
0.015747
0.016235
0.016235
0.016968
0.016357
0.016602
0.017090
0.017334
0.017334
0.017456
0.018311
0.017578
0.018188
0.018433
0.018677
0.018433
0.018677
0.018921
0.019165
0.019653
0.019165
0.019653
0.019653
0.019531
0.020508
0.019897
0.020752
0.020142
0.021240
0.020630
0.021606
0.021484
0.021484
0.021484
0.021240
0.022583
0.021606
0.022583
0.022339
0.022461
0.022827
0.022827
0.023315
0.023560
0.023071
0.023438
0.023926
0.024292
0.024536
0.024170
0.024414
0.024536
0.024658
0.024780
0.025513
0.025269
0.025146
0.025757
0.025391
0.025513
0.026245
0.026123
0.026123
0.026001
0.026855
0.026489
0.026489
0.026978
0.026978
0.027222
0.027344
0.026978
0.027588
0.027588
0.028076
0.027954
0.028198
0.027588
0.028687
0.027954
0.028198
0.028564
0.028687
0.028564
0.029297
0.028931
0.029419
0.029297
0.029663
0.029663
0.029541
0.029541
0.029907
0.029907
0.030273
0.029907
0.030640
0.030640
0.030640
0.030640
0.030518
0.030640
0.030884
0.031616
0.031372
0.031372
0.031128
0.031616
0.031494
0.031250
0.031738
0.031860
0.031738
0.032227
0.031982
0.031738
0.032349
0.032471
0.031982
0.032227
0.032593
0.032837
0.032471
0.032837
0.032349
0.032715
0.033081
0.032715
0.033325
0.032959
0.033325
0.033569
0.033081
0.032959
0.033447
0.032837
0.033447
0.033813
0.033813
0.034058
0.033936
0.034180
0.034058
0.033936
0.034302
0.033691
0.033936
0.033569
0.034668
0.034058
0.034424
0.033813
0.034912
0.034302
0.034668
0.034058
0.034302
0.034302
0.034668
0.034546
0.034546
0.034668
0.034912
0.034302
0.034912
0.034424
0.034790
0.034546
0.034790
0.034546
0.035034
0.034546
0.034668
0.035156
0.035156
0.034546
0.034180
0.035156
0.035278
0.035034
0.034424
0.034912
0.034424
0.034546
0.035400
0.034424
0.035278
0.035278
0.035156
0.035278
0.034790
0.034546
0.035522
0.034058
0.034790
0.034668
0.034790
0.034668
0.034912
0.034546
0.034302
0.034546
0.034180
0.035156
0.034424
0.034912
0.034668
0.034302
0.034668
0.034424
0.034546
0.033691
0.034790
0.034058
0.034302
0.034058
0.033447
0.033936
0.034058
0.033813
0.034546
0.033569
0.033569
0.033691
0.033569
0.033813
0.033447
0.033936
0.033203
0.033813
0.033203
0.032959
0.032593
0.033325
0.033447
0.033203
0.032593
0.032715
0.032715
0.033203
0.033081
0.032715
0.031860
0.032104
0.032104
0.032104
0.032104
0.032104
0.031982
0.031128
0.031860
0.031616
0.031738
0.031494
0.031372
0.030884
0.031372
0.030884
0.030762
0.030884
0.031250
0.030762
0.030518
0.030518
0.030151
0.029907
0.030029
0.030029
0.029785
0.029907
0.029663
0.029419
0.029907
0.029419
0.029297
0.029175
0.028564
0.028809
0.028564
0.029053
0.028442
0.027954
0.029053
0.027832
0.028442
0.027344
0.028320
0.027466
0.027344
0.027222
0.026855
0.027344
0.026978
0.026489
0.026978
0.026855
0.026611
0.026245
0.026611
0.026001
0.026001
0.025879
0.025024
0.025391
0.025269
0.024902
0.024658
0.024780
0.023926
0.024048
0.023926
0.023926
0.023438
0.023926
0.023560
0.023438
0.022705
0.022827
0.022339
0.022583
0.022949
0.021973
0.021973
0.022217
0.021729
0.021118
0.021729
0.021729
0.020874
0.020874
0.020508
0.020752
0.020264
0.020630
0.020020
0.020142
0.019531
0.019897
0.019043
0.018921
0.019409
0.019043
0.018555
0.018921
0.018188
0.018433
0.017578
0.017578
0.017822
0.017212
0.017090
0.017212
0.016724
0.016968
0.016113
0.016479
0.016113
0.015869
0.015991
0.015259
0.015625
0.015259
0.015259
0.015137
0.014526
0.014160
0.014282
0.014038
0.013550
0.013672
0.013184
0.013428
0.012817
0.012939
0.012207
0.012085
0.011719
0.011963
0.011963
0.011719
0.011719
0.011475
0.011353
0.010620
0.009888
0.010498
0.010010
0.010010
0.009521
0.009399
0.008911
0.009277
0.008789
0.008911
0.008545
0.009277
0.007690
0.007813
0.007080
0.007813
0.007324
0.006836
0.007080
0.006958
0.006592
0.005859
0.005859
0.005493
0.005615
0.005127
0.005005
0.005127
0.005005
0.004761
0.004150
0.004272
0.004272
0.003174
0.004028
0.003052
0.003662
0.003174
0.003296
0.001587
0.002319
0.002197
0.002075
0.001221
0.001587
0.000977
0.001099
0.000732
0.000488
0.000854
0.000610
0.000122
-0.000488
-0.000244
-0.000610
-0.000854
-0.000488
-0.001465
-0.001343
-0.002075
-0.001221
-0.002319
-0.002197
-0.002686
-0.003174
-0.002930
-0.003052
-0.003296
-0.003662
-0.004272
-0.004272
-0.005371
-0.003052
-0.006470
-0.003296
-0.006592
-0.003540
-0.007202
-0.004395
-0.006348
-0.006348
-0.006470
-0.006348
-0.006714
-0.006958
-0.007202
-0.007202
-0.007935
-0.007935
-0.007568
-0.008301
-0.008545
-0.008911
-0.008667
-0.009277
-0.009399
-0.009277
-0.009766
-0.010010
-0.009766
-0.010254
-0.010498
-0.010498
-0.010864
-0.011108
-0.011230
-0.011475
-0.011353
-0.011597
-0.012085
-0.012085
-0.012329
-0.012329
-0.012695
-0.012695
-0.013062
-0.013184
-0.013184
-0.013672
-0.013916
-0.014648
-0.014282
-0.015137
-0.014526
-0.015137
-0.014160
-0.014893
-0.015503
-0.015381
-0.015259
-0.015991
-0.016479
-0.015869
-0.016235
-0.017090
-0.017334
-0.016968
-0.017090
-0.017456
-0.017334
-0.017944
-0.018311
-0.017944
-0.018311
-0.018433
-0.019165
-0.018555
-0.019165
-0.019531
-0.019287
-0.019897
-0.019653
-0.019531
-0.020752
-0.019653
-0.020508
-0.019775
-0.020996
-0.020142
-0.021362
-0.021362
-0.021484
-0.021484
-0.021362
-0.021484
-0.021851
-0.021729
-0.021851
-0.022217
-0.022095
-0.022583
-0.022705
-0.022705
-0.023315
-0.022949
-0.023193
-0.023560
-0.023682
-0.023438
-0.023560
-0.024414
-0.023804
-0.024414
-0.025146
-0.025146
-0.024292
-0.025391
-0.024902
-0.025024
-0.025391
-0.025146
-0.026001
-0.025146
-0.025635
-0.025391
-0.026123
-0.026733
-0.026245
-0.026855
-0.026611
-0.026611
-0.026611
-0.027100
-0.026489
-0.027588
-0.027466
-0.027710
-0.027710
-0.027954
-0.027954
-0.027588
-0.027832
-0.028076
-0.027954
-0.028198
-0.028442
-0.028564
-0.028076
-0.028320
-0.029175
-0.028931
-0.028564
-0.029419
-0.029175
-0.029053
-0.029541
-0.029541
-0.029053
-0.029053
-0.029663
-0.030273
-0.030029
-0.029907
-0.029785
-0.029785
-0.029907
-0.029907
-0.029907
-0.030762
-0.030396
-0.030396
-0.030884
-0.030518
-0.030640
-0.031006
-0.030640
-0.031128
-0.031494
-0.030640
-0.031006
-0.031372
-0.031250
-0.031250
-0.031250
-0.031860
-0.031494
-0.030884
-0.031250
-0.031982
-0.031616
-0.032104
-0.031738
-0.031860
-0.032227
-0.031372
-0.031616
-0.031372
-0.031982
-0.031494
-0.032104
-0.032227
-0.032471
-0.032104
-0.032227
-0.031372
-0.032349
-0.031982
-0.031982
-0.031860
-0.032715
-0.032227
-0.032349
-0.032104
-0.032715
-0.032471
-0.032349
-0.032349
-0.032715
-0.032471
-0.032104
-0.032471
-0.032104
-0.032349
-0.032227
-0.033081
-0.032227
-0.032227
-0.032349
-0.032471
-0.032837
-0.032715
-0.032837
-0.032593
-0.032471
-0.032593
-0.032715
-0.031982
-0.032471
-0.032227
-0.032104
-0.032227
-0.032349
-0.032471
-0.031860
-0.031860
-0.032349
-0.032227
-0.033081
-0.031250
-0.032104
-0.031738
-0.032227
-0.031738
-0.031738
-0.031982
-0.031616
-0.032349
-0.031738
-0.031616
-0.032349
-0.031982
-0.032104
-0.031982
-0.031250
-0.031372
-0.031372
-0.030762
-0.031128
-0.031372
-0.030884
-0.031006
-0.031128
-0.030884
-0.030762
-0.030640
-0.030640
-0.030884
-0.030762
-0.030396
-0.030029
-0.030640
-0.030640
-0.029785
-0.030029
-0.030029
-0.030396
-0.029785
-0.030151
-0.029663
-0.029297
-0.030029
-0.029541
-0.029663
-0.029053
-0.029785
-0.028931
-0.029175
-0.028931
-0.029053
-0.028687
-0.028442
-0.028687
-0.028809
-0.028687
-0.028442
-0.027832
-0.028076
-0.028564
-0.027832
-0.027710
-0.027344
-0.027710
-0.027222
-0.027100
-0.027710
-0.027100
-0.027100
-0.026733
-0.026489
-0.026733
-0.026855
-0.026245
-0.026245
-0.026001
-0.026489
-0.025757
-0.025513
-0.026001
-0.025269
-0.025269
-0.024536
-0.025024
-0.024780
-0.024902
-0.024780
-0.024292
-0.024902
-0.024414
-0.024414
-0.024170
-0.024048
-0.023926
-0.023560
-0.023438
-0.023560
-0.023560
-0.023071
-0.022705
-0.023071
-0.022583
-0.022461
-0.022461
-0.021973
-0.021973
-0.021973
-0.021729
-0.021240
-0.021362
-0.021362
-0.021240
-0.021118
-0.020996
-0.020508
-0.020752
-0.020264
-0.020874
-0.020386
-0.020508
-0.019165
-0.019531
-0.019165
-0.019165
-0.018921
-0.019287
-0.018555
-0.018555
-0.018311
-0.018433
-0.017700
-0.017578
-0.018188
-0.017578
-0.017090
-0.017456
-0.016724
-0.016846
-0.016357
-0.015869
-0.016357
-0.016235
-0.015869
-0.016113
-0.015381
-0.015991
-0.015259
-0.015015
-0.014526
-0.015015
-0.014893
-0.014404
-0.014038
-0.013550
-0.013916
-0.013428
-0.013062
-0.012939
-0.012939
-0.012817
-0.012695
-0.012207
-0.011719
-0.011963
-0.011963
-0.011230
-0.011597
-0.011230
-0.011353
-0.010864
-0.010620
-0.010742
-0.010254
-0.010254
-0.010010
-0.010132
-0.008667
-0.009277
-0.009033
-0.008667
-0.008057
-0.007935
-0.007813
-0.008423
-0.007446
-0.007446
-0.007690
-0.007080
-0.007202
-0.006714
-0.006348
-0.006226
-0.006104
-0.005737
-0.005493
-0.005493
-0.005249
-0.005249
-0.005493
-0.005005
-0.004272
-0.004028
-0.004517
-0.003662
-0.003296
-0.003296
-0.002808
-0.002930
-0.002686
-0.002441
-0.002441
-0.001831
-0.002075
-0.002319
-0.001221
-0.001221
-0.000854
-0.001587
-0.000488
-0.000610
0.000366
0.000244
0.000244
0.000610
0.000488
0.000610
0.001831
0.001221
0.001709
0.001587
0.001953
0.002319
0.002197
0.002563
0.002930
0.003296
0.003174
0.003174
0.003906
0.004028
0.004517
0.004150
0.003906
0.005981
0.004150
0.005615
0.004639
0.005859
0.005005
0.005981
0.006226
0.006226
0.006714
0.006592
0.006958
0.006836
0.006958
0.007202
0.007935
0.008423
0.008179
0.008545
0.008667
0.008423
0.008789
0.008789
0.010010
0.010132
0.009766
0.010376
0.010132
0.010376
0.010376
0.010986
0.011108
0.011353
0.011353
0.011353
0.012695
0.011963
0.012573
0.012085
0.012451
0.012573
0.013306
0.012939
0.013550
0.013672
0.013916
0.013916
0.014282
0.014526
0.014160
0.014526
0.014771
0.014526
0.014526
0.015259
0.015869
0.015991
0.015625
0.015869
0.016357
0.016724
0.016968
0.016846
0.017334
0.016968
0.017456
0.018188
0.018311
0.018066
0.018311
0.018677
0.018921
0.018799
0.018677
0.019287
0.018921
0.020020
0.019653
0.019409
0.020264
0.020264
0.020264
0.020752
0.020874
0.021484
0.020752
0.021851
0.021729
0.021606
0.021851
0.022217
0.022461
0.021973
0.022705
0.022339
0.023315
0.023560
0.023193
0.023438
0.023315
0.023682
0.023926
0.023804
0.024292
0.024048
0.024292
0.024536
0.024902
0.024658
0.025146
0.024902
0.025391
0.025269
0.025879
0.025146
0.026001
0.026123
0.026489
0.026001
0.026245
0.026367
0.026855
0.026733
0.026855
0.026733
0.027222
0.027100
0.027710
0.027466
0.028442
0.027588
0.028198
0.027466
0.027832
0.028442
0.028442
0.028931
0.028564
0.028442
0.029053
0.029297
0.029541
0.029419
0.029297
0.029541
0.029785
0.030029
0.029541
0.029907
0.030396
0.029663
0.030151
0.030151
0.030762
0.030518
0.030884
0.030762
0.031006
0.030884
0.031250
0.031128
0.031738
0.031006
0.031128
0.031616
0.031738
0.031860
0.031738
0.032349
0.032227
0.031982
0.031860
0.032593
0.032349
0.032349
0.033081
0.032227
0.033081
0.032715
0.032959
0.032959
0.033325
0.032959
0.032959
0.034058
0.032593
0.033569
0.032837
0.033691
0.033447
0.033081
0.033447
0.033691
0.033325
0.034058
0.033691
0.034058
0.034302
0.034058
0.034302
0.034668
0.033813
0.034302
0.033569
0.034180
0.033813
0.034546
0.034668
0.034790
0.034546
0.034180
0.034424
0.034180
0.035034
0.034790
0.034790
0.034546
0.034302
0.034668
0.034424
0.035278
0.034668
0.034302
0.034790
0.035034
0.034790
0.034668
0.034546
0.034668
0.034790
0.034790
0.034424
0.035156
0.034790
0.034790
0.034790
0.034668
0.034790
0.034668
0.034668
0.035767
0.034668
0.034668
0.034790
0.034424
0.034790
0.034912
0.034546
0.034424
0.034546
0.034668
0.034546
0.034546
0.034668
0.034790
0.034424
0.034180
0.034302
0.034668
0.034546
0.034180
0.034546
0.034180
0.034180
0.034180
0.033813
0.034668
0.033936
0.034424
0.033936
0.033936
0.033691
0.034058
0.033813
0.033691
0.033813
0.033569
0.033203
0.033813
0.033447
0.033325
0.032959
0.033325
0.033447
0.033203
0.033081
0.033447
0.033203
0.033203
0.032227
0.032593
0.032593
0.032837
0.032227
0.032104
0.032715
0.032104
0.032349
0.032104
0.031982
0.031738
0.031860
0.031860
0.031860
0.031738
0.031738
0.031494
0.031860
0.031372
0.031738
0.031006
0.031128
0.030884
0.030518
0.030884
0.030762
0.030518
0.030029
0.029785
0.030029
0.030029
0.030151
0.029541
0.030029
0.029541
0.029053
0.029175
0.029175
0.028809
0.028931
0.028564
0.028198
0.028809
0.028198
0.028442
0.028442
0.027832
0.028076
0.027710
0.028198
0.027710
0.027832
0.026978
0.027344
0.027222
0.026978
0.027222
0.026611
0.025879
0.026855
0.026367
0.025879
0.026001
0.025879
0.025757
0.025024
0.025513
0.025391
0.025146
0.025024
0.025024
0.025024
0.024658
0.024292
0.024536
0.024292
0.023804
0.024414
0.023315
0.023804
0.023682
0.023071
0.022949
0.022827
0.022705
0.022583
0.022705
0.022217
0.022583
0.021606
0.021606
0.021362
0.020630
0.021240
0.020996
0.020752
0.020386
0.020508
0.020386
0.020386
0.020264
0.019775
0.019897
0.019531
0.019409
0.019165
0.018555
0.019287
0.018921
0.018433
0.018311
0.018188
0.018188
0.017578
0.017212
0.016968
0.017334
0.016846
0.016602
0.016357
0.016479
0.016357
0.016357
0.015747
0.015747
0.015259
0.015381
0.015137
0.014404
0.014648
0.014160
0.014404
0.014160
0.014404
0.013550
0.013550
0.013306
0.012695
0.012817
0.012329
0.012451
0.012207
0.012085
0.011719
0.011475
0.011353
0.011597
0.011108
0.010986
0.010376
0.010498
0.009888
0.009888
0.010010
0.009277
0.009399
0.009766
0.008911
0.008667
0.008423
0.008423
0.008179
0.008179
0.008057
0.007813
0.007202
0.007202
0.006836
0.006592
0.006714
0.005981
0.005737
0.005859
0.006348
0.005005
0.005615
0.004517
0.005127
0.005005
0.004395
0.003906
0.003784
0.003662
0.003540
0.003174
0.003296
0.003174
0.002808
0.002563
0.002197
0.002197
0.001831
0.001709
0.001343
0.001465
0.001221
0.000610
0.000854
0.000488
0.000244
-0.000244
-0.000244
-0.000732
-0.000610
-0.000610
-0.001465
-0.001343
-0.001831
-0.001831
-0.002563
-0.001953
-0.002563
-0.002930
-0.002808
-0.002808
-0.003540
-0.003784
-0.003540
-0.003784
-0.003906
-0.004639
-0.003418
-0.005371
-0.003540
-0.006470
-0.003906
-0.006470
-0.004150
-0.005981
-0.005615
-0.006226
-0.006226
-0.006958
-0.007080
-0.007080
-0.007202
-0.007690
-0.008179
-0.008301
-0.008423
-0.008789
-0.008423
-0.008911
-0.008667
-0.009277
-0.009277
-0.009277
-0.009644
-0.010010
-0.010620
-0.010864
-0.010864
-0.011230
-0.011353
-0.010986
-0.011230
-0.011841
-0.011475
-0.011963
-0.012085
-0.012451
-0.012817
-0.012207
-0.012573
-0.013306
-0.014282
-0.013916
-0.014282
-0.014038
-0.014893
-0.014404
-0.014404
-0.014893
-0.015137
-0.014893
-0.015625
-0.015503
-0.015991
-0.015869
-0.016235
-0.016357
-0.016479
-0.016602
-0.016602
-0.016724
-0.017212
-0.017578
-0.018066
-0.017456
-0.017334
-0.017822
-0.018677
-0.018555
-0.018799
-0.019043
-0.018921
-0.019409
-0.019531
-0.019409
-0.019897
-0.019531
-0.020020
-0.020630
-0.019775
-0.020264
-0.020874
-0.020874
-0.020752
-0.020752
-0.020996
-0.020996
-0.021851
-0.021851
-0.021484
-0.022095
-0.021851
-0.022583
-0.022095
-0.022217
-0.022339
-0.023193
-0.022705
-0.024048
-0.022461
-0.023682
-0.023804
-0.023560
-0.023804
-0.023804
-0.024048
-0.024048
-0.024292
-0.024292
-0.025146
-0.025024
-0.024780
-0.025269
-0.024780
-0.025269
-0.024780
-0.026001
-0.025513
-0.026611
-0.026001
-0.026367
-0.025635
-0.026367
-0.026611
-0.026978
-0.026245
-0.026611
-0.026978
-0.027588
-0.026978
-0.026855
-0.027344
-0.027710
-0.027710
-0.027954
-0.028320
-0.028076
-0.028198
-0.028198
-0.028198
-0.027832
-0.028198
-0.028564
-0.028320
-0.028809
-0.028442
-0.029053
-0.029053
-0.029419
-0.029175
-0.029175
-0.029541
-0.029419
-0.029175
-0.029541
-0.029663
-0.030029
-0.030640
-0.030029
-0.030273
-0.029907
-0.030273
-0.030273
-0.030640
-0.030518
-0.030396
-0.030151
-0.030884
-0.030762
-0.030884
-0.030884
-0.030640
-0.030884
-0.030762
-0.031372
-0.031006
-0.031494
-0.031494
-0.031738
-0.031250
-0.031494
-0.031250
-0.031372
-0.031616
-0.031616
-0.031982
-0.031860
-0.031616
-0.031860
-0.032349
-0.031616
-0.032349
-0.032227
-0.032227
-0.031738
-0.032227
-0.031982
-0.031250
-0.032593
-0.031738
-0.032227
-0.031738
-0.032593
-0.031982
-0.032471
-0.032227
-0.032471
-0.032715
-0.032227
-0.032593
-0.032349
-0.032593
-0.032593
-0.032471
-0.032227
-0.032471
-0.031982
-0.032349
-0.032349
-0.032715
-0.032227
-0.032593
-0.032593
-0.032959
-0.032227
-0.032715
-0.031860
-0.032471
-0.032715
-0.032959
-0.032349
-0.032227
-0.031738
-0.032349
-0.031860
-0.032104
-0.032227
-0.032593
-0.032104
-0.032349
-0.032471
-0.031616
-0.031738
-0.031738
-0.031860
-0.031738
-0.031616
-0.031494
-0.032104
-0.031982
-0.031738
-0.031738
-0.031128
-0.031372
-0.031250
-0.031616
-0.031494
-0.031616
-0.031738
-0.031128
-0.031006
-0.031128
-0.031738
-0.031372
-0.031006
-0.031250
-0.031250
-0.030151
-0.030396
-0.030762
-0.030640
-0.030640
-0.030518
-0.030396
-0.030273
-0.030518
-0.030151
-0.030640
-0.030151
-0.029785
-0.030029
-0.030518
-0.029785
-0.030151
-0.029785
-0.029419
-0.029053
-0.029541
-0.029419
-0.028564
-0.029785
-0.029053
-0.029175
-0.028687
-0.028931
-0.028564
-0.028442
-0.028076
-0.028442
-0.028076
-0.028442
-0.027710
-0.027710
-0.027466
-0.027954
-0.027222
-0.027954
-0.027344
-0.027100
-0.026978
-0.027100
-0.027344
-0.026611
-0.026733
-0.026733
-0.026489
-0.026611
-0.026367
-0.026733
-0.026611
-0.025879
-0.025635
-0.025513
-0.025269
-0.025024
-0.025391
-0.025146
-0.025146
-0.024414
-0.024780
-0.024658
-0.024414
-0.024414
-0.024658
-0.024292
-0.023926
-0.024170
-0.023804
-0.023438
-0.023438
-0.023560
-0.023071
-0.023071
-0.022949
-0.022461
-0.022339
-0.022583
-0.022095
-0.021606
-0.021729
-0.022095
-0.021362
-0.021851
-0.021362
-0.020874
-0.020752
-0.020996
-0.020264
-0.020264
-0.019897
-0.020386
-0.020142
-0.019653
-0.019287
-0.020142
-0.019043
-0.019409
-0.018555
-0.019043
-0.018555
-0.018433
-0.018066
-0.018311
-0.017700
-0.017700
-0.017212
-0.017334
-0.017578
-0.017456
-0.016846
-0.016724
-0.016602
-0.016846
-0.016479
-0.015869
-0.015747
-0.015503
-0.015747
-0.015259
-0.015259
-0.015015
-0.015015
-0.014771
-0.014404
-0.014526
-0.014282
-0.014526
-0.013672
-0.013672
-0.013428
-0.012939
-0.012695
-0.012329
-0.012573
-0.012451
-0.011963
-0.011597
-0.011841
-0.011597
-0.010986
-0.010986
-0.011353
-0.010498
-0.010376
-0.010742
-0.010498
-0.010132
-0.009888
-0.009644
-0.009399
-0.008911
-0.008911
-0.008423
-0.008179
-0.008301
-0.008423
-0.007324
-0.007324
-0.008179
-0.007568
-0.006958
-0.006470
-0.006958
-0.006714
-0.006104
-0.005859
-0.005859
-0.005493
-0.005615
-0.005005
-0.005127
-0.004639
-0.004272
-0.004639
-0.004272
-0.003906
-0.003784
-0.003174
-0.003296
-0.002686
-0.002930
-0.002930
-0.002441
-0.002319
-0.001953
-0.002319
-0.001831
-0.001343
-0.001221
-0.000854
-0.001099
-0.000732
-0.000244
0.000000
0.000122
0.000488
0.000610
0.000854
0.000732
0.001099
0.001221
0.002197
0.001465
0.001831
0.001831
0.003052
0.002930
0.002808
0.002808
0.003296
0.003296
0.003540
0.004272
0.004517
0.005005
0.003784
0.006226
0.003418
0.005859
0.004883
0.006592
0.004639
0.006226
0.006348
0.006348
0.006958
0.006958
0.007080
0.007446
0.007935
0.007324
0.008057
0.008423
0.008057
0.008301
0.008423
0.009644
0.009033
0.009521
0.010010
0.009155
0.010376
0.010376
0.009888
0.010742
0.011108
0.010864
0.011230
0.011108
0.011597
0.011597
0.011841
0.012207
0.012573
0.012451
0.012939
0.012695
0.013306
0.013428
0.013916
0.013306
0.014038
0.013672
0.014282
0.014526
0.014893
0.014771
0.015015
0.015503
0.015869
0.015869
0.015381
0.016357
0.016357
0.016479
0.016724
0.017334
0.017090
0.016968
0.017456
0.017456
